313_AB_99_229.0868_line313rand300_0 		 [ 1.  1.  0.] 		 [ 0.  1.  0.]
313_AC_96_331.1311_line313rand300_0 		 [ 1.  0.  1.] 		 [ 1.  0.  0.]
313_AC_88_9120.1084_line313rand300_0 		 [ 1.  0.  1.] 		 [ 1.  0.  0.]
313_CG_20_9332.543_line313rand300_0 		 [ 0.  0.  1.] 		 [ 0.  0.  0.]
313_AC_82_7413.1024_line313rand300_0 		 [ 1.  0.  1.] 		 [ 1.  0.  0.]
313_AC_95_398.1072_line313rand300_0 		 [ 1.  0.  1.] 		 [ 1.  0.  0.]
313_ABC_97_8317.6377_line313rand300_0 		 [ 1.  1.  1.] 		 [ 0.  1.  1.]
313_BG_2_109.6478_line313rand300_0 		 [ 0.  1.  0.] 		 [ 1.  1.  0.]
313_AC_98_8912.5094_line313rand300_0 		 [ 1.  0.  1.] 		 [ 1.  0.  0.]
313_AB_96_4570.8819_line313rand300_0 		 [ 1.  1.  0.] 		 [ 0.  1.  0.]
313_AC_91_8317.6377_line313rand300_0 		 [ 1.  0.  1.] 		 [ 1.  0.  0.]
313_BC_5_8912.5094_line313rand300_0 		 [ 0.  1.  1.] 		 [ 0.  1.  0.]
313_AC_99_1096.4782_line313rand300_0 		 [ 1.  0.  1.] 		 [ 1.  0.  0.]
313_BC_92_229.0868_line313rand300_0 		 [ 0.  1.  1.] 		 [ 0.  0.  1.]
313_BC_98_870.9636_line313rand300_0 		 [ 0.  1.  1.] 		 [ 0.  0.  1.]
313_AC_99_891.2509_line313rand300_0 		 [ 1.  0.  1.] 		 [ 1.  0.  0.]
313_AB_96_213.7962_line313rand300_0 		 [ 1.  1.  0.] 		 [ 0.  1.  0.]
313_BC_94_398.1072_line313rand300_0 		 [ 0.  1.  1.] 		 [ 0.  0.  1.]
313_AC_97_1479.1084_line313rand300_0 		 [ 1.  0.  1.] 		 [ 1.  0.  0.]
313_BC_96_676.083_line313rand300_0 		 [ 0.  1.  1.] 		 [ 0.  0.  1.]
313_AB_94_1202.2644_line313rand300_0 		 [ 1.  1.  0.] 		 [ 0.  1.  0.]
313_AB_99_213.7962_line313rand300_0 		 [ 1.  1.  0.] 		 [ 0.  1.  0.]
313_BG_1_229.0868_line313rand300_0 		 [ 0.  1.  0.] 		 [ 1.  1.  0.]
313_BG_2_107.1519_line313rand300_0 		 [ 0.  1.  0.] 		 [ 1.  1.  0.]
313_BC_97_5888.4366_line313rand300_0 		 [ 0.  1.  1.] 		 [ 0.  0.  1.]
313_AC_99_794.3282_line313rand300_0 		 [ 1.  0.  1.] 		 [ 1.  0.  0.]
313_AC_87_288.4032_line313rand300_0 		 [ 1.  0.  1.] 		 [ 1.  0.  0.]
313_ABC_5_8511.3804_line313rand300_0 		 [ 1.  1.  1.] 		 [ 1.  1.  0.]
