313_BCG_60_1621.8101_line313rand300_0 		 [ 0.  1.  0.  0.  0.  0.] 		 [  2.22287855e-09   3.34753811e-01   6.65246189e-01   1.10548602e-11
   1.17945453e-09   1.22444069e-12]
313_ABC_34_0.0251_line313rand300_0 		 [ 0.  0.  0.  0.  1.  0.] 		 [  7.74403208e-09   4.23357305e-05   1.79392181e-08   9.96386886e-01
   3.57076852e-03   4.49016042e-08]
313_ABC_40_0.0269_line313rand300_0 		 [ 0.  0.  0.  0.  1.  0.] 		 [  2.20895346e-09   5.78090876e-05   1.44056145e-08   9.99093533e-01
   8.48703552e-04   2.08330597e-08]
313_ACG_49_3548.1339_line313rand300_0 		 [ 0.  1.  0.  0.  0.  0.] 		 [  9.97955212e-05   2.37582270e-02   9.76141989e-01   1.00196115e-10
   1.73507919e-09   1.50402524e-09]
313_BCG_1_6456.5423_line313rand300_0 		 [ 0.  1.  0.  0.  0.  0.] 		 [  8.09788730e-07   1.18763412e-04   9.99880433e-01   1.18151302e-16
   4.87910190e-12   7.11471423e-14]
313_BCG_15_5754.3994_line313rand300_0 		 [ 0.  1.  0.  0.  0.  0.] 		 [  2.69944485e-06   6.71665370e-03   9.93280709e-01   4.84649994e-12
   3.85988397e-09   1.24272356e-10]
313_AC_52_0.0692_line313rand300_0 		 [ 0.  0.  1.  0.  0.  0.] 		 [  1.64672613e-08   9.99968171e-01   3.18645725e-05   4.73091618e-13
   2.62670880e-14   4.38244344e-15]
313_BC_99_0.5623_line313rand300_0 		 [ 0.  0.  1.  0.  0.  0.] 		 [  8.06389564e-27   8.65372181e-01   1.34627864e-01   0.00000000e+00
   1.13262605e-30   0.00000000e+00]
313_AB_14_0.038_line313rand300_0 		 [ 0.  0.  1.  0.  0.  0.] 		 [  1.53319252e-06   8.89698744e-01   1.10299788e-01   1.91296798e-10
   5.97631753e-14   1.88375909e-14]
313_BCG_87_8709.6359_line313rand300_0 		 [ 0.  1.  0.  0.  0.  0.] 		 [  8.44986801e-08   1.54734880e-04   9.99845147e-01   2.52181522e-13
   9.82229631e-10   2.23335014e-11]
313_ABC_2_0.0589_line313rand300_0 		 [ 0.  0.  0.  0.  1.  0.] 		 [  7.54860885e-09   5.43948736e-05   1.74473733e-08   9.96751308e-01
   3.19421687e-03   3.59443959e-08]
313_AC_65_0.0912_line313rand300_0 		 [ 0.  0.  1.  0.  0.  0.] 		 [  5.43870556e-07   9.99773324e-01   2.26053497e-04   1.92652942e-11
   6.30299957e-13   7.40160483e-13]
313_BC_42_0.0389_line313rand300_0 		 [ 0.  0.  1.  0.  0.  0.] 		 [  7.18219667e-07   9.49828506e-01   5.01708612e-02   6.11655671e-10
   1.35080680e-09   7.19202475e-11]
313_ABG_31_9549.9259_line313rand300_0 		 [ 0.  1.  0.  0.  0.  0.] 		 [  5.62898457e-08   2.80590486e-02   9.71940875e-01   4.95200999e-15
   2.00672246e-17   1.69299697e-18]
313_ABG_39_4073.8028_line313rand300_0 		 [ 0.  1.  0.  0.  0.  0.] 		 [  9.48782235e-06   6.54384447e-03   9.93446648e-01   2.10373680e-11
   4.29560033e-12   5.27596196e-13]
313_BCG_43_8128.3052_line313rand300_0 		 [ 0.  1.  0.  0.  0.  0.] 		 [  5.36518110e-06   1.45020231e-03   9.98544455e-01   3.31779678e-12
   3.93401756e-09   1.25782107e-10]
313_BCG_8_3388.4416_line313rand300_0 		 [ 0.  1.  0.  0.  0.  0.] 		 [  5.96865419e-08   6.21957006e-03   9.93780315e-01   1.26977666e-13
   1.11870700e-10   6.54176528e-13]
313_AB_13_0.1778_line313rand300_0 		 [ 0.  0.  1.  0.  0.  0.] 		 [  1.48482172e-07   9.92913067e-01   7.08683860e-03   6.46081452e-11
   3.61661813e-16   3.38651290e-16]
313_ABCG_12_0.1413_line313rand300_0 		 [ 0.  0.  0.  1.  0.  0.] 		 [  1.93699190e-08   4.25625767e-05   7.84762847e-07   3.27192128e-01
   6.72764063e-01   3.95036864e-07]
313_AC_92_0.0162_line313rand300_0 		 [ 0.  0.  1.  0.  0.  0.] 		 [  2.19016050e-09   1.00000000e+00   7.81852749e-10   9.61454969e-14
   2.49250477e-15   1.60655164e-16]
313_BCG_55_1096.4782_line313rand300_0 		 [ 0.  1.  0.  0.  0.  0.] 		 [  1.37407892e-06   9.10640135e-02   9.08934355e-01   5.36304423e-09
   2.48245982e-07   9.11994036e-09]
313_BCG_30_7943.2823_line313rand300_0 		 [ 0.  1.  0.  0.  0.  0.] 		 [  1.32679270e-06   2.10666354e-03   9.97892082e-01   3.19387017e-11
   1.52854955e-08   4.97361485e-10]
313_BC_94_0.0155_line313rand300_0 		 [ 0.  0.  1.  0.  0.  0.] 		 [  3.53208400e-11   9.99242544e-01   7.57531496e-04   7.73776879e-15
   8.68395881e-15   2.71526840e-16]
313_BCG_48_3235.9366_line313rand300_0 		 [ 0.  1.  0.  0.  0.  0.] 		 [  7.95771538e-09   1.93286061e-01   8.06713879e-01   3.64942072e-13
   3.91353616e-11   7.22152982e-14]
313_AC_4_0.138_line313rand300_0 		 [ 0.  0.  1.  0.  0.  0.] 		 [  1.40157326e-05   9.90411341e-01   9.57461819e-03   9.15160400e-15
   2.00566916e-14   2.82092058e-14]
313_ABC_28_0.0234_line313rand300_0 		 [ 0.  0.  0.  0.  1.  0.] 		 [  8.23830419e-07   6.44950895e-04   5.63655794e-06   8.13669801e-01
   1.85673520e-01   5.18760635e-06]
313_ABC_3_0.2884_line313rand300_0 		 [ 0.  0.  0.  0.  1.  0.] 		 [  5.71640300e-08   1.27261505e-04   9.06707029e-08   7.19556510e-01
   2.80315995e-01   1.00527110e-07]
313_ABCG_76_323.5937_line313rand300_0 		 [ 0.  0.  0.  1.  0.  0.] 		 [  9.00809766e-07   6.84598170e-04   3.40254445e-07   3.27279478e-01
   6.72034264e-01   3.95044736e-07]
313_ABCG_26_2137.9621_line313rand300_0 		 [ 0.  0.  0.  1.  0.  0.] 		 [  4.89836438e-08   8.88490831e-05   3.50726452e-07   1.11726083e-01
   8.88184369e-01   3.53810123e-07]
313_ABC_18_0.0132_line313rand300_0 		 [ 0.  0.  0.  0.  1.  0.] 		 [  1.46157336e-10   5.55069073e-06   5.28287281e-09   9.99306083e-01
   6.88273460e-04   7.71517605e-09]
313_ABC_87_0.0295_line313rand300_0 		 [ 0.  0.  0.  0.  1.  0.] 		 [  3.81481073e-07   6.09337993e-04   2.70625179e-07   5.50228357e-01
   4.49160397e-01   1.16625267e-06]
313_BCG_4_2454.7089_line313rand300_0 		 [ 0.  1.  0.  0.  0.  0.] 		 [  9.09653590e-06   4.65337979e-03   9.95337486e-01   3.22174904e-13
   1.04917375e-09   1.76712308e-11]
313_BC_75_0.0776_line313rand300_0 		 [ 0.  0.  1.  0.  0.  0.] 		 [  3.03822276e-07   8.14092696e-01   1.85907006e-01   1.40943063e-10
   1.97789385e-09   5.23482022e-11]
313_ACG_18_7244.3596_line313rand300_0 		 [ 0.  1.  0.  0.  0.  0.] 		 [  1.25254155e-06   4.19555744e-03   9.95803177e-01   4.68552470e-14
   3.85541772e-12   2.05883617e-12]
313_BC_32_0.0355_line313rand300_0 		 [ 0.  0.  1.  0.  0.  0.] 		 [  1.27055239e-06   7.80236781e-01   2.19761923e-01   1.03233221e-10
   9.13574438e-10   6.72246148e-11]
313_BC_97_0.0275_line313rand300_0 		 [ 0.  0.  1.  0.  0.  0.] 		 [  4.30224466e-15   1.00000000e+00   2.28664394e-08   2.70968197e-20
   1.63757237e-20   3.67044073e-23]
313_AC_86_0.0105_line313rand300_0 		 [ 0.  0.  1.  0.  0.  0.] 		 [  1.37975201e-10   1.00000000e+00   4.82052762e-08   6.43506547e-17
   1.32740816e-18   3.55285318e-20]
313_ABC_26_0.0324_line313rand300_0 		 [ 0.  0.  0.  0.  1.  0.] 		 [  2.24430985e-09   1.63357417e-05   1.80622308e-07   8.62234533e-01
   1.37748882e-01   6.78874059e-08]
313_BCG_81_660.6934_line313rand300_0 		 [ 0.  1.  0.  0.  0.  0.] 		 [  7.69511303e-07   2.59586692e-01   7.40411818e-01   1.11095959e-08
   6.62407615e-07   1.64942175e-08]
313_ABG_85_7244.3596_line313rand300_0 		 [ 0.  1.  0.  0.  0.  0.] 		 [  1.03215489e-05   6.63293945e-03   9.93356764e-01   3.15575586e-11
   1.20130867e-11   3.11438765e-12]
313_ABG_65_5128.6138_line313rand300_0 		 [ 0.  1.  0.  0.  0.  0.] 		 [  3.82748985e-04   2.96935290e-01   7.02681959e-01   4.30113811e-09
   1.43451959e-10   3.70509422e-11]
313_BC_92_0.0117_line313rand300_0 		 [ 0.  0.  1.  0.  0.  0.] 		 [  8.81995935e-11   6.87896430e-01   3.12103540e-01   9.68813246e-13
   1.14461406e-10   2.79991633e-13]
313_BC_39_0.0575_line313rand300_0 		 [ 0.  0.  1.  0.  0.  0.] 		 [  5.66268099e-09   9.99952435e-01   4.75551351e-05   1.01498822e-12
   7.25794208e-14   1.33346322e-14]
313_ABC_52_0.0575_line313rand300_0 		 [ 0.  0.  0.  0.  1.  0.] 		 [  2.13386175e-09   7.52478081e-05   1.44316390e-08   9.99050200e-01
   8.74445075e-04   2.05839594e-08]
313_ABG_40_8317.6377_line313rand300_0 		 [ 0.  1.  0.  0.  0.  0.] 		 [  1.20622499e-05   2.26637674e-03   9.97721493e-01   8.70296370e-12
   1.60424105e-11   1.78168266e-12]
313_AC_18_0.0102_line313rand300_0 		 [ 0.  0.  1.  0.  0.  0.] 		 [  2.72125340e-06   9.75202262e-01   2.47950498e-02   1.71680808e-10
   2.34490288e-10   8.75379144e-11]
313_AC_9_2.3442_line313rand300_0 		 [ 0.  0.  1.  0.  0.  0.] 		 [  7.63969456e-06   9.67913449e-01   3.20789292e-02   5.86960385e-13
   1.80325047e-12   1.06274451e-12]
313_AC_4_0.9772_line313rand300_0 		 [ 0.  0.  1.  0.  0.  0.] 		 [  5.34867213e-05   8.39524508e-01   1.60422087e-01   4.52180692e-13
   5.44367980e-12   2.70745969e-12]
313_BCG_35_9332.543_line313rand300_0 		 [ 0.  1.  0.  0.  0.  0.] 		 [  1.94912587e-07   9.03914589e-03   9.90960658e-01   1.39138015e-11
   1.97025529e-09   4.08139737e-11]
313_ABC_23_0.0229_line313rand300_0 		 [ 0.  0.  0.  0.  1.  0.] 		 [  1.17268826e-07   1.94926688e-04   2.61004317e-07   8.84452164e-01
   1.15352057e-01   5.25085511e-07]
313_ABC_46_0.1288_line313rand300_0 		 [ 0.  0.  0.  0.  1.  0.] 		 [  2.66270064e-08   4.45375990e-05   2.43476688e-06   5.07752359e-01
   4.92199689e-01   1.03351738e-06]
313_BCG_67_2089.2961_line313rand300_0 		 [ 0.  1.  0.  0.  0.  0.] 		 [  2.70052311e-07   7.10125547e-04   9.99289632e-01   1.08120726e-11
   4.94289853e-09   1.04974106e-10]
